1509208136376365059
340079163
1800961883262025729
758436532877492225
1321012882776203265
1806244309613907968
1015786384374861826
1447575413446692872
1630897214301286403
1573882282427006976
736980431992655872
1548499964929552385
1091027129230254080
1917762995117047808
1979383406740774912
1653455627396497408
1921897224004390912
1656428736860782593
1796702528475721728
1456094041146155016
1052497897789554688
1249042106301272064
450227254
2003037307847528448
1530126012222144514
1194248109653680128
166336194
3058851367
3308114587
1511671242234941442
1918914246282477568
1980431656466239488
1760753637427404800
1315545169
1754923374575337472
1121840834238926848
1412297326140461058
1540737667922505728
1631767564782108673
1331801532371595269
1409442184449961985
1302274058797690882
1200365152048222214
750194110405849088
1707084352058703872
1742238100972081152
1523593962325307392
2001682598847021056
1647291767270588418
1817962375028637696
888430287666855936
1126232579718483968
800735310585790464
1486147174828163073
20746247
1794075349845975040
1515293975510663169
1473817890109333504
1609770061165641728
1973688869557346304
1558909571246293000
1272130018424971264
1659897718918254593
1036008757858193408
1546730865421856769
1374037075587166214
1824745357508521984
1075204885648297985
1343042389238284288
1387779107040251904
721598506650107904
1249293542050021377
1820084781058818049
1154860758791942144
1759722881657839616
1253138740261777408
1053844861705576449
1948605094444105730
36995548
1115964587512197120
1089554058690678784
1623930639908233222
1800384679960559616
1478921435888635908
1074890091372269568
1682916453933096963
1321007014512709632
1723698384979251200
1960865916
1355332949084876800
1222631598408863744
1812631453814988800
1101572028211986432
1580139929992060930
2164159287
1579811487593295872
1233325873731964933
1591902045711339521
1659273735499653131
1987681183145279488
1859508970018439169
1731153255210647552
1475355079003676679
1985203744414572544
1418296546022600705
43517518
1626330001732734977
1123742668520153091
1672571357765283841
895323674617798656
818836695130873856
1516884583341514752
1095346224461303811
1798719589335089152
1177580575
1405732714037211143
966383830776057863
1148151284924502017
1075609436553703425
1068275665097687040
1464420662693531649
426268495
1598006628527312897
1648758450384678912
1333174768896512005
1736533921699885056
1126153244827217922
1711055435179102208
1078556531216564224
1692090488948690944
1757224242075021312
1566084473061462016
1886386993917313024
1659174017415225347
1824381135729655808
1599447868581900290
1420869548568416261
1086916366995783681
1564106671655231488
1665006856622964736
1565201262362079233
1822328477980274688
1392834825636220928
731053669030862848
1497840714708926466
1117750581567770624
1681262269789765632
1168672720747466753
1349854823135502337
1469270409279197187
745657951126495233
1579085344540180481
1834349371371950080
1233099096124162049
1896005654172622848
1332659667332440066
1158204257037778945
1082306859149737985
1940948610939867139
765789551516381184
1584541842636414976
1948300639010017280
1717750378358317056
1418259376729698309
1863116191486648320
1119366002385534978
1948535246862921728
1286446989434118147
1209512956070973440
1461890024782270464
977149058711158786
1495334531087454213
909018420
1646540869850341380
1426527306097602564
1104430838450671616
1493806416875896834
990518947815419904
1507385933053800456
1364425973412855808
1198450439416451072
1442415899189776390
811880415086583808
4886622474
1800751854936276992
1964732481741209600
1506853436523888640
4115012547
1781034631753617408
2811670534
1372636462697607169
1535530673586556930
766477045912203264
848654935
1290543520349138945
1596328422363615233
1617245515262869505
1488618244554428417
1488942895344529408
1931354265974714369
1223037074
1514860754394099716
1782076859544391680
923598634452631552
1069665054130343942
1386270861833867271
1662275026119430144
1600629436050571266
1648754267195318272
1372916076133163010
1403777197752557570
1188260751896526849
1955858816362536964
1967009816838381568
1755049908367765504
241550630
1968079465403363328
750611620267585536
1727627344142295040
1359246331970256899
1831328805752893440
1697775058633330688
937139513951842304
1419676161957933056
1595164203861549056
1243812166219726849
136287883
1758935692917223426
1958542595203997696
1760576339847839744
1390663888165765128
1705925080520257536
291536966
1558480315701764097
1810483744110977024
1561117298479583233
1455904130615054336
1165095034410164225
1696337231953170432
4079408119
1575113918086791168
1763092884285194240
952910540803723265
1548988245559709697
1455233383815172100
1413907014720409602
1791084319441911808
1753309302666801152
628412304
3274261782
1652985247875883008
1951702761873039360
1674968174448500736
1610385463713357825
1364631124132167682
758496161103769603
1390515403408003074
405184457
1825508967880982530
1222581889241927680
1169646130029723649
1497587418140004352
1563925087103111168
1239897515098550274
1070261611993026560
1157566545914191872
1877149205497876480
3701605942
1606122588857573378
1625420702235910146
772361719054163969
1574835415894396928
1505560257258475530
1890403857580298240
1942394133513134081
1630786891917443075
965447778355748864
989589289293041665
1388428703529590791
1112882402718830592
1471875158336057345
1915860534802677760
1609160250
1919066268067663872
1209885089326174208
1481191186195185669
892122477509447682
1242716541067628544
1071422771463446528
782008463568154625
1023389069252816896
174474939
1330512738750246914
1416981593164484616
704530778546270210
903296032846393344
1237563131431276546
1628936447733399555
1384364465500553227
1001571706622824450
4897204393
1093312767891668993
1930287493167144960
1752216139097325568
1651761280007684099
1514621750134276101
1036741424178446336
1210578305344319491
2860634353
1270279032064663553
901319338187145216
1438770311713988609
900680558015004672
1357491225662808064
117168730
1700835293996179456
1264095234423689218
1767889647735353344
1849331029146034176
1917207094375153664
1880847447825797120
710267129698758656
1160878729243107332
1876746696572710912
2741874197
1233346566225715200
1450558565689737234
1404372438972915713
1846963154800029697
940391417070915586
990096429430591489
1393395104640028674
603446432
1878188055783202816
866150450092851200
1146677235656658945
1501086406353072128
1132443846707621888
962671123266596864
1515823333379563525
1598550747586723840
1005987689945059328
1269368533693034496
1510607444224880640
320560137
1249493993458503681
1741522602584158208
971025764668903426
4418794047
1593302731351113736
1149339896680763392
2957139062
961388902966792192
1691691335433269248
1609311562942107654
1893130711386771457
1201458160613154816
1869225907401170944
1819964444769947648
1309869947707850753
1026057957048545280
1287900567746965504
1175867887900344323
1076795706667495424
1309182210856148995
1636423278674817024
1529548000724385793
1482064251409907716
1579505225605734400
1552227037519048704
1733918555299557376
1486852244301664257
1643581694686134272
1650674389862559745
1246604116505300993
1837409048842637312
1612182373071716359
1449254434534531072
1883131487664640000
1820475975022321664
912397020111007744
1434829719221030912
1074547776392818690
1189065651186552832
1037227900792004609
1099166619241050112
1350755727262982148
1374560478832201728
3262904281
1669829434117967876
1890072108035899392
1466782353884385290
1765723618825433088
800634439340408832
1188425670931693568
1638455210
1729033046127693824
1272873221528969216
1295808821886169088
1825554165302779904
1663582652023164935
715981527730008065
1760860592380739584
723635162957897728
1785252908239577088
287839407
1058776979342835712
1697106319332007936
1450266266862702596
1738071376844693504
1800186557317431296
1626757291671457798
1692623672
1883968940654649344
1885404085500719105
901223057322389508
936153875593117696
2422803086
1689581175101325312
1461994279211978759
1251547744633667584
1682923953051025408
707849544877211648
1071322306155302912
1499887248321351680
1478437879881863174
842408082441396225
1718750505097129984
1875739165356105728
1064647984015699968
1663203183877922817
1753851233973014528
1738974570583851009
1403023802821382152
4488612395
357621854
1625326269150658560
1457826185807900679
1607405508448731136
1691837479697928192
1349901836015202304
1147377104184459264
1589302075
1733156383590420480
1791102108265021442
42724106
2650110590
1003950794910019584
1492407767193485314
1687602507327967232
1247316330451173376
1573255067003539456
1775497636247666688
1356930995002482692
1618878969574526977
1365352533808578567
1863192828152827905
1827426768942432256
1777144478043922432
1679207803095773203
1792065704960933888
1701306817740152833
1248333565101772800
1094133157710811136
1390505932992491527
1826307208570703872
1450488528060702722
1479878831641366530
1637819114700828672
1292821342895693827
1337566648329527301
1787839028659671040
1712869934609453056
1551970012071600131
1800105835210866688
995673723935035392
1656766921
1474329270117883906
1663198239833595905
3245624944
1576788046141325319
1750835226396504064
1276572746252800001
1374359249074196482
1327434496510099456
1777351047402647552
1177699571776000007
1805746526557552641
1215483018241966083
1401546202408112131
1705778038389215232
1432270327933898752
533280658
1797960097101914112
1477183657907417089
1085686422311448576
855177762222604288
1769972228769103874
1742062421479727104
1168046918770970624
1359252568921149440
903225211507490816
1848394410188267520
1770374392092258304
1564094499470688257
1045116454775836673
1198438764856537088
1146228197375270912
1029555802061893632
1520844471449104384
1527662205134594048
1735114484103225344
1313692631839305728
1464766116199346182
1783975110359080960
3094930637
1223425226396127232
1682841756
845357627345330176
806088137344684032
1492419248874000386
1604993115261206529
1705533654582145024
354930125
1641525116457680896
1497954796782841858
1418027833859919875
1375308379086852096
1169263540030574593
1435307063857405953
167098805
1533769918822359040
1487220665342119936
1727218921978068992
1017317287316066304
1219993290151383040
1364764404458397698
1552398820847353862
1471395440021147651
1578589063183011840
1248357474282815488
1233120985332756481
1285363526006124545
1217091089406078976
1767633265803104259
1070076744126873606
1601802917861740544
793278011655290880
1299834561329856512
1130922207184601089
3399471552
1101565407608139776
1636661437878743041
185363677
1589292629241405440
1016418194213560321
1547635394694418436
1327312609146761218
1566911310733840387
854880034716172288
1579723290393788417
1026474833838854145
1733803811272048640
1688416655259443200
1482511748796137475
4223875152
1753546212555542528
1462903552427315211
604870399
806449830818148352
1533327246622326786
889970196923994112
1019239441846751233
1467566090897264640
761181083454939137
1189699371861807105
1425396596888399872
1595032436097826816
1500393154314485763
1652972526669271041
1457997822897397761
1675999311341973504
70421197
1286634272699191298
1794709747284754432
1300735996976410625
2899958477
1073121969850134528
1343344678419238913
1327446861532246016
890250402763075586
1374899219492962306
1455103591023136770
1078763878731915265
1544328017463238656
1790133763260735488
3347969113
1653532781551525894
1068278106069319680
1414241734867886088
1780229192132526080
1457458050181341184
1478851842050121728
1723831078614441984
1512448493398413324
1346620798677770240
1081925344079298560
1799610742808686593
947977969993105408
1375279551287201792
1139887141578792961
1265400143148470272
1484263811255353345
1788951864370950144
1665664818588844033
1671757500545404928
1318914417883369477
1164297503946264577
1311344038864445442
297791344
1432630286026780672
1509147163040927752
949837303211474944
397022871
1484204053974302724
1208803055875084289
1587743854761021440
946921263787778049
1150864513052434434
1541673701615325185
909064461419466752
1362957634354167811
1111950931778654208
1147002433652121601
1064735039664123904
1612446925827248129
1153373587
1782060173361659904
1706345767198224387
968344572244955139
1555525746545766400
1168282776291774464
1759514217076637696
1727330645796601856
1340772431133356034
1104717922130288640
1153568185334956032
1604308439236153344
1700643973877161984
1670629797301731329
1305949962853908484
1302448872397168641
1678814805728034817
1655724986278002688
1771922083167031296
67980531
726592881062875137
1166102135110590466
803949838215675909
1146661396098297856
1597516548163469313
1533550351965618176
781960644287344640
917562003488518144
496683392
1481114692005371909
1311866867649327112
3356984201
1070547062767452160
26196055
978939342847590401
1221236534453723137
1418947609
915214469806067713
237540395
1606067601968222208
1084599609190686720
1515236586191204353
4859862545
1398425333582467082
1663559862666817541
833337406568927232
1069875087745138688
1286929169079832576
1395686929216118784
861994573123518464
702446167532163072
1202649261550133250
1493295035063930886
1159259130605056005
1039306992135938048
1394910585343537157
300172254
1754246200746803200
1349484117046521861
1584830158220959744
1349291471162155010
1157495990871445504
2387649752
1466029553932185600
1314587701283151873
160403571
1750326001236615168
1378010859092459520
1391442287247364105
2316749748
1258803008231571456
1156868051851104256
2242450868
1698382297073127424
1453915916253630477
1559567670319943681
1742260373015650304
1630155095106281473
1041843925445734403
4856316787
1039261681782677504
1330990766
1135870172504313856
2786218441
1648028739073368064
1145475896104689664
1242297042447163392
1742033314075033600
1591221144975278080
1156052511725240321
1381019085887188992
1328309929606778880
1655146013093666817
1694765282286522374
2278499784
1310222523980804097
547853161
1725728773247770625
4204684154
1460828727663759364
1466834374692061185
942578527093776384
1269205794937090048
1705320737949753344
1721515631932006400
1507241272331083777
954695322999185409
852359677
929644028986933251
804183394066239488
1102868212864241664
1330112191136215042
340924143
997197569603272704
1275614004
1182416957360017411
919616652
849353469962194944
2573091026
1377886215811178500
1473706775861944328
1532430511943077898
1301909756290961409
1265090509510328321
1248454495006162950
1170498792279433216
1390766535472517126
1255883699721105411
1590811879433183233
1650339830222688256
1321667720786681858
1400196676212514817
1377607832946757636
1098052154437165056
2737880245
1717563858548563968
3310280149
908940969134874624
1439367676707569667
932854976786911232
1434846179184025604
1558755023420821506
1167155879143071744
1574540267205677058
1300246737743822848
4134182120
1167648685376671746
1154024096901955584
892420065932562432
809145674558107648
1717764859641618432
1361325968913227777
1075509448456589313
1550093274576474112
834553042917748736
1585461131241463814
1208944730115104769
740042084506210304
2279122008
1060251861238726656
1624846419159879680
1078867688515092480
963459892177612800
898793721331818496
1406240158614122506
1164224121871507456
1201153428698869761
2275385233
1273298737167818752
869713173657661441
1505116967052533760
1057657802800324608
1086666843270434818
1369318943144476673
1589030473984008199
1237401409617707010
1430606238426058753
1069683034289594368
1708886362898755586
1452855560412483584
1628810025178394624
1551952864125280256
704375600899723264
1267189850433892354
1101765227958304768
966750256707883008
1618328856896708608
1302308060971429889
1434520450021875712
4475666954
1189823203209814016
1337095518762250240
975853222224019456
1594561416
1215895205167190016
1540728873377480704
1315731247964987392
780803155902607360
2380396020
1191380176120270848
1261475846012964864
775419012805120000
207410424
997529790067294211
1455128868566667264
1702628472781172736
1300705901041516544
3228175484
1427809321052688385
713050303382183937
836719138328424448
318099405
1072230574134321152
1705221179567693824
1270555752999129088
967880518107844609
2540059023
1475698506023247884
1618419873016692737
1390879229798088716
1527484135572381697
901376740802650113
902205757982167040
1156327100988690432
1461942669194629121
1599642506467061760
1178133135860649985
852762363774156800
1278296299926945793
1087179609437802497
1173110941
1295654945354657792
2457258697
1236182041944895489
837869516830932992
978548194966519808
1357368599342637063
807942076532924416
1670095845843423232
1592654865423122432
2459361602
838627186223493120
2711764512
1186226213691387904
2868522596
1244281095702614017
1590884899
949658807864643585
1677569318
773915673210806272
51316315
1650625460307410944
843661477030649856
1069055302543306752
1458338863752093701
1260332428998008832
1145441268555833344
1033871224038928384
920385897861873664
393705813
1452475163371507712
1380353986268696584
1576488467520856064
1479670623362191361
2600373356
1136207164148576256
2758798291
1615936591113129984
1159632767396843520
1697788430166482944
910041895287504896
1925624647
1610025017483427840
1526616194505224192
1417808280148090881
1290311369598758912
3304393491
1123607378933366784
1269394558304968704
888979680401006592
917109206578278400
1120505156616052737
821737258055147520
1087727380100272128
1314317790812278784
1687066128445820928
1529242200327958528
994287600515956736
1577100078875308032
1031079981252657152
1473412688264916992
1505358423856136199
100688502
1295982355023364096
4199109012
1677698419333414914
1516180018719825925
1328778514447945728
2270928722
989610280211615745
1516877995775979520
1082861998965088256
842915186977648640
1080708811265056768
1676605202516811777
477408421
1363577949874769920
1323844027372826625
1149689451855192064
1340013678205292545
126043411
862833714048503809
762454312496660480
1518875537862762497
1637269687380615169
1618115494443089920
1546598659873275905
1261926564612038656
177874461
1163294207118839808
1126912010334027776
1455753786786390017
1633916610258825220
958576924225429505
1017133825023926272
1425160480096722946
1078356048791117826
1264260193619185664
1479150057408675841
1682078065436885002
1298985155340562437
1574616669745516553
1556307131582009345
1481693995705278469
1170458652723093505
1671901540016111616
2986738414
1572998540611158017
1506501778707210240
732919646693691393
1266416193411223552
1632967017224339459
1655609629315936259
767954486220484608
1366937104522108931
1648793063299448833
407925985
1565057005047480323
1385755578987859968
1587844449010343936
1569922996961247232
1676236358908624899
1651549936167559168
1551299741375496192
1570018826640572417
1678845215270920198
1482080318249070593
1041755295561658368
1672261953132318720
1135331169879203840
1418343927007096833
1584614345635495944
4866486323
1519147032363122689
987591968808144896
1343459080527085569
1308272537214746624
702439530
1527748187842297856
1061916127167561729
1308136419831889920
1080266883671023616
1519499952774590464
1525347146702143488
1357488294544609280
1092992732900089856
1055506212551188481
1421533116565528580
881684230408773632
813512168154886144
1267225976779440134
1533634975282642944
212138447
1253762748728500225
1131980354410012672
1559340092153802753
1203932000563785731
1069720870254452737
1545979724731596800
1230641461747519488
1229507225246478336
1112460264673300480
777415147207790592
1325380272666238978
1012976376922587136
1398956479806271489
1256681628488908800
1422050764235714563
1194687849913700352
1906739132
759774679808684032
1449991665310130178
1485420021589463040
1445553202351382528
1206743401057656838
1416939480368312320
1625134073046786053
923551048626614272
1466595412022804482
1585823832056684544
1321663213545517056
1264912533862793217
1354587181629595652
1666490091986993153
1160027119306493953
1246659677200568320
1422003336174260228
1297027736926593029
1126768105382748160
3065875802
501122501
1510477823747792899
1366235482414194692
1059317154217103360
4921276083
1300207030037352449
1497759047470170116
1648283132028649475
969247920359747584
1083161162362118144
4846243708
2818482195
1525310007314567168
1362590075469647873
1584762927453655045
952139546
1041918927704612864
1625897532495912960
1214170911126913025
1026742082071752704
1092931155656085505
1118477550332858369
965622409796530176
1562916804020047872
1508306365172826116
1355949372564000769
1174410645556604928
1178858483711692800
1346136616893640705
1489688694248325124
1406166682083676161
1510257107974729734
1087750483756965888
872436767147741185
3158195144
3237842934
1215462353623535616
1602150812146434048
865851072849494016
1384732562136784899
1582210224688988160
1642760355557576706
1644090633718575105
1428440613859512322
1173780293154758658
904048917272199168
1424985595063922691
1489450296811999232
1430180136037535747
259150891
1392688440
772321162734870533
1009994417397043200
1438033629125414913
1513373004792664065
1441569010525503491
1611387514190798848
1350818224179449858
1596429822502346752
1215244512550744064
1407929027805859843
357660210
1434010799417200642
1359181369365041152
1165944495818436609
1284374500038123521
1445962341498200068
1168723172084080641
1472168459727429632
1584542512290713601
523647892
1580576236476063746
1568120448310968322
764204808848932864
1504216345
812698108412903424
1351847786652659713
1086517049600413697
1560720269701963777
1309007646985420800
1150850946316087297
1387159974854512644
1422206393319297027
1231116164882927617
1537321812438048768
1053018920242860032
1586198108374958082
1442245633209819140
1242570650729902080
867257476248469504
799393789387407360
1502207612343005186
1634760033668939776
1470099180332986369
854630201904508928
1456842258012123139
1342211450211807234
1340528471345344514
1564486981362778113
1219266109955665922
1203832602949341184
1369742064691392512
1176429674487898113
1340139300738969600
1108775314367352832
1399620234126966784
1453518945647005698
1363195073236783105
1525354883368554496
1200687085851758592
130850385
1047643314541879296
1474214448843960325
1121572167911477248
1067935642842263557
1052982785189834753
1443187730062594048
1119789814922874880
1326108367811604480
1547589531914096640
1278727452
1177245371283542017
2986419801
965588363393847298
861573319220498434
812063683
986175872515362816
1287103063485022208
1618060422682415107
1037462983
1292126367170138112
1480514214481510407
1438578978537840648
1293201825898823681
1439740464903589888
1253367753584578560
717146513403609088
1202888122570199040
1548298121817362434
1223635262837678080
1193826086280282117
1528600656986128386
1346360648897159170
1447084988390850561
1134344411922386944
1154065282798772224
1604165655875534849
1342069719352946689
927892194341482496
1519642158550384640
1478888022330392577
1288914016803446786
1123090077813362688
1328536011660533761
4663618674
1350856265207930882
1626021116044013569
717039969135681540
1391391125198360580
1209893543184986112
1310434032652627969
1276974712141369346
1451797050530545667
1116892268634361856
1587935150133972992
1492678956
1269790110251433984
3779859619
1407072497636315136
1512487680
2699294066
1372003391627493378
758579967256961024
1249683892279205889
578766729
1042128401664897024
1090867124
1674016692
1067681157326622720
2424516828
1205729347769901056
1277599004633845762
1410735897885110272
1071015558743678976
1587374412806098945
1373940316680679428
1410410766075715588
1319228516
1327703493344448514
1150252001093021697
1427124969365032963
78961556
146986516
715857049687560192
1372601941
1478161812801703939
796571929289392129
1349211108318597121
1506552908094984197
935072702238298112
840462366257082368
1388032322910388227
3590576242
1650261536
1218710046772731904
1558832405624020994
881855239388659713
1564212954123362305
985511264448204803
890934218301349892
44545146
1227924863395827712
2431509074
3479119034
1467885419517915138
836338033154674688
1292835363187298305
1264623800815058944
760732000449884160
1423906369657257986
1255449000897122305
4578819033
3184836787
1063454269112750080
1429833275493736450
795021308
1464749260071649280
1045283613552648193
127321497
1473034776873472005
1471099254013898752
1443048970662547457
744030595118948352
1605211399214489600
788977962129453056
1031260312354390017
536783593
1359234948067131394
1074030112587345930
1325205320466096135
1531837744670031874
1137792780053430274
1597115382506176512
1239202611288391680
1164304869978759169
2366640774
2739047994
1063706795468705793
1413656797072830464
1300544270391222272
1343061122870607872
1642535118
129803043
1080889210930892800
898787653
1283454849657573377
1476619351503474692
916939033779073024
1469416613673943048
1331313706215501824
1539219487
1407380118700503045
3016465196
177085165
954644466383630336
826594650236534784
3063741684
1409157624231350277
3270144686
1080338041036783616
1089259614942695427
1251928562485071872
1158781801885773824
1173340395654254592
1433032096985980932
1518610703116029952
3108153326
2953537638
774370124732043265
2939105087
732723842200829953
416362692
1023110255591317504
1049211920161492992
1065083686750732288
1458349742644076549
1069852192109092865
1555248736015716353
1473045912800878594
1007511775380692997
1178359103401259008
1118889517
2542925857
1156791215184056320
1417023501458935810
930817511209172992
778662324022284288
1470072497966043140
1532684126364442625
1478272688120647680
2589737551
1080299875
963711799261409280
1173071066782035969
1160303455124295681
1137511053171003392
4827583541
750360493093564416
451314125
820351558705709056
2755491830
32815127
3978310274
1080113414108778496
1289727080951959552
1391821362948317184
2978481078
976346938260955136
1064605295031111680
2419262850
830270241410162689
1400877963868966914
1233657635192426497
1531058600751378434
986142007
996029081127796736
1564309216550076418
1069776416739332097
871192466967351299
253458420
1548726949333409793
1320655855834988544
1519422914881376256
1303269079919333378
15108502
1243259822084182017
987573400834117632
984671852
1212879593230630913
1372334724283310085
1314731053941231616
1029905411942608896
1118868799883808768
733605069749260288
4210280174
